-7.750543117523193	1061.95458984375	-0.6255797147750854
-7.594992637634277	1062.2412109375	-0.6236463785171509
-7.437957763671875	1062.517333984375	-0.6219779253005981
-7.279030799865723	1062.80322265625	-0.6203689575195312
-7.1217756271362305	1063.086669921875	-0.6193089485168457
-6.768600940704346	1063.724853515625	-0.6170512437820435
-6.502490043640137	1064.206787109375	-0.6152328252792358
-6.272110462188721	1064.62451171875	-0.613947331905365
-6.076542377471924	1064.9794921875	-0.613051176071167
-5.919083118438721	1065.265625	-0.6124741435050964
-5.698665142059326	1065.666259765625	-0.6119861006736755
-5.280472278594971	1066.4281005859375	-0.611630916595459
-4.961705207824707	1067.009765625	-0.6112751960754395
-4.479952335357666	1067.8900146484375	-0.6121775507926941
-4.2325310707092285	1068.3424072265625	-0.6141226291656494
-3.937809944152832	1068.8817138671875	-0.6173869371414185
-3.7111945152282715	1069.296875	-0.6202574968338013
-3.4027881622314453	1069.862060546875	-0.6243168115615845
-3.200812816619873	1070.232421875	-0.6269073486328125
-2.8321399688720703	1070.9088134765625	-0.6312310099601746
-2.542515277862549	1071.440673828125	-0.6341720819473267
-2.202467918395996	1072.0655517578125	-0.6372421383857727
-1.8985826969146729	1072.624267578125	-0.6394931077957153
-1.3072035312652588	1073.7125244140625	-0.6423316597938538
-1.0357296466827393	1074.2122802734375	-0.6433982849121094
-0.47833406925201416	1075.2386474609375	-0.6450238227844238
-0.2495308816432953	1075.659912109375	-0.6457033157348633
0.2257130891084671	1076.53564453125	-0.6489248871803284
0.6587733030319214	1077.3336181640625	-0.6537007093429565
1.1081472635269165	1078.13525390625	-0.6576494574546814
1.5096802711486816	1078.83935546875	-0.6592967510223389
1.7691398859024048	1079.2930908203125	-0.6598080992698669
2.078611135482788	1079.834228515625	-0.6605339646339417
2.439958095550537	1080.4659423828125	-0.6619824171066284
3.0099592208862305	1081.4625244140625	-0.664477527141571
3.479248046875	1082.2830810546875	-0.6652023196220398
3.789903163909912	1082.826416015625	-0.6647719740867615
4.204246997833252	1083.55078125	-0.6635061502456665
4.414203643798828	1083.91796875	-0.662871241569519
4.8518452644348145	1084.68359375	-0.6621303558349609
5.1655473709106445	1085.232177734375	-0.662257969379425
5.7497992515563965	1086.23779296875	-0.6652615666389465
5.957974433898926	1086.5908203125	-0.667243242263794
6.544229507446289	1087.58203125	-0.672268807888031
7.035382270812988	1088.412353515625	-0.6728702187538147
7.242096900939941	1088.773193359375	-0.6723296642303467
7.606056213378906	1089.4315185546875	-0.6713970303535461
8.018974304199219	1090.1868896484375	-0.6716693639755249
8.523778915405273	1091.11376953125	-0.6733739972114563
9.026775360107422	1092.0118408203125	-0.6745047569274902
9.501338958740234	1092.8548583984375	-0.6743190288543701
10.006946563720703	1093.7525634765625	-0.6733851432800293
10.376411437988281	1094.40869140625	-0.6726093292236328
10.838343620300293	1095.229248046875	-0.6715706586837769
11.406607627868652	1096.2379150390625	-0.6700637340545654
12.081575393676758	1097.43603515625	-0.6687852144241333
12.492429733276367	1098.166015625	-0.6686009168624878
12.801913261413574	1098.7158203125	-0.6683078408241272
13.22537899017334	1099.46826171875	-0.6675450801849365
13.53928279876709	1100.02587890625	-0.6670631170272827
13.944159507751465	1100.744873046875	-0.6670042276382446
14.663936614990234	1102.023193359375	-0.6679981350898743
15.184891700744629	1102.9482421875	-0.6684548258781433
15.446436882019043	1103.41259765625	-0.6685916185379028
15.772533416748047	1103.991455078125	-0.6687471866607666
16.293010711669922	1104.915771484375	-0.6682561635971069
16.701974868774414	1105.642333984375	-0.6668590307235718
17.01180648803711	1106.1920166015625	-0.6658303141593933
17.42038345336914	1106.9168701171875	-0.6661089658737183
17.682758331298828	1107.38232421875	-0.6675743460655212
17.945846557617188	1107.8492431640625	-0.6696460247039795
18.469791412353516	1108.7789306640625	-0.6733181476593018
19.03360939025879	1109.7796630859375	-0.6747815608978271
19.55511474609375	1110.705322265625	-0.674423098564148
20.278362274169922	1111.98876953125	-0.6745678186416626
20.700946807861328	1112.73876953125	-0.675367534160614
21.107738494873047	1113.460205078125	-0.6772127151489258
21.42327117919922	1114.0198974609375	-0.6794517040252686
21.96086883544922	1114.974853515625	-0.6826527118682861
22.22168731689453	1115.438232421875	-0.6835047006607056
22.841047286987305	1116.5379638671875	-0.6865320205688477
23.15203857421875	1117.0899658203125	-0.689389705657959
23.465261459350586	1117.6458740234375	-0.6924037933349609
23.927772521972656	1118.466796875	-0.6951337456703186
24.185028076171875	1118.92333984375	-0.6956084966659546
24.544496536254883	1119.5615234375	-0.6958616971969604
25.071746826171875	1120.4974365234375	-0.6973719596862793
25.526939392089844	1121.304931640625	-0.6992131471633911
25.95344352722168	1122.0614013671875	-0.700006365776062
26.262907028198242	1122.6103515625	-0.6997670531272888
26.719459533691406	1123.420654296875	-0.6984341740608215
27.38807487487793	1124.6072998046875	-0.6963744163513184
27.756887435913086	1125.261474609375	-0.6952705383300781
28.129444122314453	1125.92236328125	-0.6935060620307922
28.494815826416016	1126.570556640625	-0.6911224722862244
28.947998046875	1127.374755859375	-0.6881240606307983
29.369434356689453	1128.1436767578125	-0.6862776875495911
29.670181274414062	1128.705078125	-0.6858235597610474
30.096782684326172	1129.50439453125	-0.6866030097007751
30.447721481323242	1130.1455078125	-0.6888623237609863
30.964797973632812	1131.08642578125	-0.6937171816825867
31.568130493164062	1132.182861328125	-0.6961202621459961
32.017520904541016	1132.99951171875	-0.6942040920257568
32.369972229003906	1133.64013671875	-0.6918959617614746
32.78269958496094	1134.389892578125	-0.6894121766090393
33.040069580078125	1134.8575439453125	-0.6879428625106812
33.58876037597656	1135.854736328125	-0.6841672658920288
33.95228958129883	1136.515625	-0.6811950206756592
34.306884765625	1137.15966796875	-0.6782573461532593
34.752506256103516	1137.9691162109375	-0.6749606728553772
35.17344284057617	1138.733642578125	-0.6726577281951904
35.635589599609375	1139.57373046875	-0.671122670173645
36.05345916748047	1140.3333740234375	-0.6706668138504028
36.42764663696289	1141.00048828125	-0.6703177094459534
36.846397399902344	1141.737060546875	-0.6691721677780151
37.377845764160156	1142.668701171875	-0.6670405864715576
37.84537887573242	1143.48828125	-0.665362536907196
38.43101119995117	1144.5166015625	-0.6626616716384888
38.89900207519531	1145.384521484375	-0.6573573350906372
39.3072509765625	1146.1572265625	-0.6508339643478394
39.65691375732422	1146.8131103515625	-0.6460204124450684
39.95988845825195	1147.3814697265625	-0.6433326601982117
40.41700744628906	1148.23828125	-0.6417006850242615
40.56832504272461	1148.521728515625	-0.6415868997573853
41.224693298339844	1149.739013671875	-0.6422502398490906
41.695919036865234	1150.6044921875	-0.6433706283569336
42.460723876953125	1152.0093994140625	-0.6452006697654724
42.877586364746094	1152.77490234375	-0.6460567712783813
43.23967742919922	1153.43994140625	-0.6469265222549438
43.74903106689453	1154.375	-0.6481773257255554
44.111289978027344	1155.0400390625	-0.6490659713745117
44.36717224121094	1155.509765625	-0.6497491002082825
44.88571548461914	1156.4617919921875	-0.6513653993606567
45.297122955322266	1157.2169189453125	-0.6528255939483643
45.50694274902344	1157.60205078125	-0.6535980105400085
45.86640167236328	1158.2545166015625	-0.6549792289733887
46.40110397338867	1159.2177734375	-0.6573094725608826
46.77090835571289	1159.8828125	-0.6589350700378418
47.24388122558594	1160.7332763671875	-0.6608258485794067
47.55454635620117	1161.2919921875	-0.6621906161308289
47.716407775878906	1161.5833740234375	-0.6629863381385803
48.45155334472656	1162.9063720703125	-0.6667205095291138
49.028785705566406	1163.9442138671875	-0.6689494848251343
49.29292297363281	1164.419189453125	-0.6698307991027832
49.87792205810547	1165.47119140625	-0.6715648174285889
50.254798889160156	1166.14892578125	-0.6723419427871704
50.56828689575195	1166.7127685546875	-0.6729505658149719
51.0291748046875	1167.54150390625	-0.6746022701263428
51.403106689453125	1168.214111328125	-0.6765824556350708
51.871009826660156	1169.055419921875	-0.6787024736404419
52.18308639526367	1169.616455078125	-0.67948317527771
52.545650482177734	1170.268310546875	-0.6799913048744202
53.02455139160156	1171.1292724609375	-0.6809195876121521
53.44216537475586	1171.88037109375	-0.6816224455833435
53.805908203125	1172.53466796875	-0.682003915309906
53.967529296875	1172.825439453125	-0.6820656657218933
54.578372955322266	1173.92431640625	-0.6822260618209839
54.98881530761719	1174.66259765625	-0.68263840675354
55.44749450683594	1175.4879150390625	-0.6833716034889221
55.92605972290039	1176.3487548828125	-0.6842385530471802
56.076717376708984	1176.619873046875	-0.6844542026519775
56.649749755859375	1177.6505126953125	-0.6857747435569763
57.12682342529297	1178.5087890625	-0.6875672936439514
57.64520263671875	1179.441162109375	-0.6891276836395264
58.13055419921875	1180.3140869140625	-0.689969539642334
58.48674774169922	1180.9547119140625	-0.6905849575996399
58.750205993652344	1181.428466796875	-0.6910616159439087
59.115447998046875	1182.08544921875	-0.6915643215179443
59.586761474609375	1182.933349609375	-0.6918087005615234
59.901817321777344	1183.500244140625	-0.6918131709098816
60.267112731933594	1184.157470703125	-0.6916669011116028
60.53492736816406	1184.639404296875	-0.6914148926734924
61.10363006591797	1185.662353515625	-0.6904640197753906
61.63247299194336	1186.6131591796875	-0.6859460473060608
61.89889907836914	1187.0924072265625	-0.6802313327789307
62.31159210205078	1187.8345947265625	-0.6718181371688843
62.47869873046875	1188.13525390625	-0.6721057891845703
62.99844741821289	1189.0703125	-0.6816760301589966
63.488094329833984	1189.935791015625	-0.6865593194961548
63.9678840637207	1190.7708740234375	-0.6799691915512085
64.13630676269531	1191.0634765625	-0.6771367788314819
64.7358169555664	1192.1044921875	-0.6729476451873779
65.05181884765625	1192.658203125	-0.6739249229431152
65.19926452636719	1192.9227294921875	-0.6744682192802429
65.82427215576172	1194.0458984375	-0.6735939979553223
66.1363525390625	1194.606689453125	-0.6715195178985596
66.72593688964844	1195.6375732421875	-0.668108344078064
67.04696655273438	1196.19580078125	-0.6670802235603333
67.49102783203125	1196.96728515625	-0.6659583449363708
67.8729019165039	1197.6307373046875	-0.6647299528121948
68.02588653564453	1197.8966064453125	-0.6642013788223267
68.39411926269531	1198.5404052734375	-0.6631482839584351
68.86790466308594	1199.40380859375	-0.6629828214645386
69.43343353271484	1200.44482421875	-0.6645956635475159
69.83472442626953	1201.1851806640625	-0.6663101315498352
70.14496612548828	1201.75146484375	-0.6677529215812683
70.3566665649414	1202.1346435546875	-0.6686533689498901
70.91653442382812	1203.1470947265625	-0.6707350015640259
71.13198852539062	1203.536376953125	-0.671610951423645
71.65706634521484	1204.4852294921875	-0.674346923828125
71.8548812866211	1204.8426513671875	-0.6754939556121826
72.33244323730469	1205.7054443359375	-0.6778334975242615
72.69651794433594	1206.36328125	-0.6787970066070557
73.17876434326172	1207.2344970703125	-0.6791737675666809
73.64340209960938	1208.072509765625	-0.6790283918380737
73.95938873291016	1208.64208984375	-0.6762071847915649
74.49423217773438	1209.606689453125	-0.6645673513412476
74.76304626464844	1210.091796875	-0.6609054803848267
75.2814712524414	1211.0274658203125	-0.6683453917503357
75.60479736328125	1211.60693359375	-0.6744979619979858
75.88069152832031	1212.087890625	-0.6754857301712036
76.31602478027344	1212.8446044921875	-0.6713167428970337
76.8995590209961	1213.857421875	-0.6687735915184021
77.17040252685547	1214.327392578125	-0.670922040939331
77.49323272705078	1214.8876953125	-0.6742149591445923
77.764404296875	1215.358154296875	-0.676026463508606
78.31295776367188	1216.31005859375	-0.6752629280090332
78.75885009765625	1217.0838623046875	-0.6728219985961914
78.97518920898438	1217.459228515625	-0.672045111656189
79.80577850341797	1218.90087890625	-0.6720162034034729
80.01812744140625	1219.26953125	-0.6721447706222534
80.44280242919922	1220.00634765625	-0.6733115911483765
80.76547241210938	1220.566162109375	-0.6755908727645874
81.03399658203125	1221.0322265625	-0.6779974699020386
81.56179809570312	1221.9818115234375	-0.6820046901702881
81.76420593261719	1222.3516845703125	-0.6830461025238037
82.18060302734375	1223.117431640625	-0.6844471096992493
82.69601440429688	1224.0531005859375	-0.6854089498519897
82.85559844970703	1224.3414306640625	-0.6854996681213379
83.43061828613281	1225.3790283203125	-0.6842615604400635
83.84603118896484	1226.1280517578125	-0.6833974719047546
84.05815124511719	1226.510498046875	-0.6833076477050781
84.57669067382812	1227.4459228515625	-0.6828710436820984
84.99764251708984	1228.2052001953125	-0.6816698312759399
85.200439453125	1228.571044921875	-0.6810255646705627
85.82829284667969	1229.703857421875	-0.680517315864563
86.18919372558594	1230.35498046875	-0.6812763214111328
86.49986267089844	1230.91552734375	-0.6817783713340759
86.97661590576172	1231.7755126953125	-0.6811714172363281
87.23660278320312	1232.24462890625	-0.6803101301193237
87.74160766601562	1233.1556396484375	-0.67891526222229
87.9041748046875	1233.448974609375	-0.6787635087966919
88.52986907958984	1234.5777587890625	-0.6796742081642151
88.93871307373047	1235.315185546875	-0.6806516647338867
89.29936218261719	1235.965576171875	-0.6806854009628296
89.60957336425781	1236.525146484375	-0.6794463396072388
89.91915130615234	1237.083740234375	-0.6769661903381348
90.33892822265625	1237.8408203125	-0.671991765499115
90.74830627441406	1238.579345703125	-0.6661273241043091
91.15557861328125	1239.31396484375	-0.6602677702903748
91.58547973632812	1240.08935546875	-0.6551166772842407
91.98883056640625	1240.817138671875	-0.6514810919761658
92.2498550415039	1241.2879638671875	-0.6495233774185181
92.77420806884766	1242.23388671875	-0.64629065990448
93.0945053100586	1242.81201171875	-0.6450796723365784
93.60169982910156	1243.727294921875	-0.6453485488891602
94.33955383300781	1245.0330810546875	-0.650096595287323
94.71175384521484	1245.681884765625	-0.6527947783470154
95.18096923828125	1246.4989013671875	-0.6561923623085022
95.66677856445312	1247.3450927734375	-0.6603500247001648
95.8209228515625	1247.6109619140625	-0.6617332696914673
96.42871856689453	1248.6109619140625	-0.666241466999054
96.92951965332031	1249.4183349609375	-0.6674681305885315
97.3165054321289	1250.040283203125	-0.6667982339859009
97.64492797851562	1250.575927734375	-0.6655629873275757
97.91114807128906	1251.0340576171875	-0.6643104553222656
98.53924560546875	1252.1527099609375	-0.6615591645240784
98.84977722167969	1252.7120361328125	-0.6606041193008423
99.26361083984375	1253.457763671875	-0.6596197485923767
99.62052154541016	1254.10107421875	-0.6588355302810669
100.08412170410156	1254.9366455078125	-0.657641589641571
100.44230651855469	1255.582763671875	-0.6568353176116943
100.64189910888672	1255.94287109375	-0.6567123532295227
101.00709533691406	1256.601318359375	-0.6573531031608582
101.56372833251953	1257.6048583984375	-0.6599129438400269
101.9342041015625	1258.262939453125	-0.6619037985801697
102.19230651855469	1258.70654296875	-0.6631487607955933
102.58021545410156	1259.3707275390625	-0.664675235748291
103.15855407714844	1260.3558349609375	-0.6662489175796509
103.42953491210938	1260.8172607421875	-0.667059600353241
103.91984558105469	1261.6519775390625	-0.6690653562545776
104.24374389648438	1262.2032470703125	-0.6703017354011536
104.82119750976562	1263.1865234375	-0.6691960096359253
105.24491119384766	1263.9080810546875	-0.664616584777832
105.6082763671875	1264.5272216796875	-0.6594715118408203
105.9732894897461	1265.1490478515625	-0.6545286178588867
106.50599670410156	1266.0565185546875	-0.6486263871192932
106.7728271484375	1266.511962890625	-0.6461827158927917
107.22593688964844	1267.32373046875	-0.6417035460472107
107.7024917602539	1268.200439453125	-0.6356648802757263
107.95784759521484	1268.674072265625	-0.6318856477737427
108.36249542236328	1269.4248046875	-0.6254674792289734
108.62007141113281	1269.9027099609375	-0.6213874220848083
109.05842590332031	1270.716064453125	-0.6150538921356201
109.46470642089844	1271.4698486328125	-0.6099379658699036
109.86431884765625	1272.211181640625	-0.6064574122428894
110.20993041992188	1272.856689453125	-0.6055642366409302
110.50701904296875	1273.4261474609375	-0.6058276295661926
110.90384674072266	1274.189208984375	-0.6057870388031006
111.60590362548828	1275.5416259765625	-0.603041410446167
111.88880920410156	1276.1031494140625	-0.6022864580154419
112.26507568359375	1276.867919921875	-0.6034729480743408
112.59286499023438	1277.5394287109375	-0.6063942313194275
113.03121948242188	1278.4388427734375	-0.6107264161109924
113.26065063476562	1278.9097900390625	-0.6126922369003296
113.49190521240234	1279.3846435546875	-0.6144062876701355
113.92813110351562	1280.2799072265625	-0.6173996925354004
114.16600799560547	1280.76806640625	-0.619391143321991
114.4974365234375	1281.4478759765625	-0.6228815913200378
114.9736328125	1282.4248046875	-0.628150463104248
115.30683135986328	1283.1083984375	-0.6307778358459473
116.05809020996094	1284.6500244140625	-0.6308571696281433
116.73078155517578	1286.0302734375	-0.6265265941619873
116.91169738769531	1286.4013671875	-0.6252682209014893
117.19386291503906	1286.980224609375	-0.6232637166976929
117.7112045288086	1288.041748046875	-0.6195488572120667
118.09439849853516	1288.828125	-0.6171844601631165
118.47210693359375	1289.6033935546875	-0.6152597069740295
119.07353973388672	1290.85986328125	-0.61234450340271
119.33819580078125	1291.447509765625	-0.6109287738800049
119.6006088256836	1292.0355224609375	-0.6094866991043091
119.86732482910156	1292.6373291015625	-0.6080811023712158
120.12483215332031	1293.21875	-0.606816291809082
120.74678802490234	1294.622802734375	-0.6035494208335876
120.96421813964844	1295.1136474609375	-0.602328896522522
121.57789611816406	1296.4990234375	-0.5988102555274963
121.78764343261719	1296.9725341796875	-0.5975141525268555
122.09819793701172	1297.673828125	-0.5955949425697327
122.40325164794922	1298.3623046875	-0.5937554836273193
122.74457550048828	1299.1329345703125	-0.5918866395950317
123.14237213134766	1300.03173828125	-0.5898659825325012
123.40193939208984	1300.618408203125	-0.588523805141449
123.70714569091797	1301.3082275390625	-0.5870301723480225
123.8746337890625	1301.686767578125	-0.5864121913909912
124.18235778808594	1302.382080078125	-0.5859109163284302
124.57112121582031	1303.26025390625	-0.5864208936691284
124.87474060058594	1303.94580078125	-0.586974024772644
125.39745330810547	1305.126220703125	-0.5866273045539856
125.858642578125	1306.2178955078125	-0.5849769711494446
126.13410949707031	1306.8992919921875	-0.5839990377426147
126.57286071777344	1307.9969482421875	-0.5844185948371887
126.97531127929688	1309.0054931640625	-0.5867637395858765
127.287353515625	1309.787841796875	-0.5874848365783691
127.85009765625	1311.19921875	-0.5838019847869873
128.0585479736328	1311.7310791015625	-0.5814861059188843
128.42864990234375	1312.7412109375	-0.5786404013633728
128.6124267578125	1313.252197265625	-0.5781880617141724
128.92994689941406	1314.1395263671875	-0.5784072875976562
129.2633819580078	1315.0726318359375	-0.5790015459060669
129.36741638183594	1315.3636474609375	-0.5791443586349487
129.78321838378906	1316.5692138671875	-0.5796118974685669
129.98045349121094	1317.1812744140625	-0.5801252722740173
130.24839782714844	1318.0240478515625	-0.581501841545105
130.47506713867188	1318.739990234375	-0.5834615230560303
130.79360961914062	1319.746337890625	-0.5883519649505615
130.89697265625	1320.072998046875	-0.5907131433486938
131.12509155273438	1320.7938232421875	-0.5942112803459167
131.43357849121094	1321.7677001953125	-0.5918189883232117
131.8195037841797	1322.98583984375	-0.5882581472396851
132.0331268310547	1323.699462890625	-0.5900560617446899
132.17852783203125	1324.213623046875	-0.5920286178588867
132.51364135742188	1325.4168701171875	-0.5938389301300049
132.74099731445312	1326.2376708984375	-0.5926907062530518
132.98780822753906	1327.1397705078125	-0.5914092659950256
133.19110107421875	1327.9805908203125	-0.5901983380317688
133.41989135742188	1328.9853515625	-0.5867583751678467
133.5148468017578	1329.4090576171875	-0.5844332575798035
133.7535858154297	1330.4759521484375	-0.5774446725845337
133.90977478027344	1331.17822265625	-0.5731770992279053
134.1437530517578	1332.4010009765625	-0.5672239065170288
134.08810424804688	1332.0904541015625	-0.5686385035514832
134.35702514648438	1333.6236572265625	-0.5614554286003113
134.47921752929688	1334.3333740234375	-0.5578914284706116
134.60130310058594	1335.04248046875	-0.5543181300163269
134.79652404785156	1336.1767578125	-0.5495120882987976
134.96495056152344	1337.1832275390625	-0.5470451712608337
135.097412109375	1338.1163330078125	-0.5460491180419922
135.1693878173828	1338.641357421875	-0.5456045866012573
135.3355712890625	1339.872314453125	-0.5438559651374817
135.418701171875	1340.48876953125	-0.5421855449676514
135.51544189453125	1341.2064208984375	-0.5395022034645081
135.6763153076172	1342.4326171875	-0.5352628827095032
135.79576110839844	1343.5753173828125	-0.5343685150146484
135.83499145507812	1343.970703125	-0.5345461368560791
135.88662719726562	1344.497314453125	-0.5347522497177124
135.96630859375	1345.312744140625	-0.5344866514205933
136.05859375	1346.25732421875	-0.533310055732727
136.16873168945312	1347.3992919921875	-0.5318602323532104
136.2073211669922	1347.910400390625	-0.5314594507217407
136.25637817382812	1349.0032958984375	-0.530829906463623
136.283935546875	1349.8046875	-0.5299197435379028
136.3041534423828	1350.430908203125	-0.5289551019668579
136.33778381347656	1351.478271484375	-0.5281133055686951
136.35092163085938	1351.88720703125	-0.5282689929008484
136.37765502929688	1352.7176513671875	-0.5291670560836792
136.4144287109375	1353.8604736328125	-0.5306907296180725
136.43394470214844	1354.4674072265625	-0.5313997268676758
136.4537353515625	1355.082275390625	-0.532106876373291
136.47702026367188	1355.80615234375	-0.532958984375
136.51055908203125	1356.8486328125	-0.5340940952301025
136.53697204589844	1357.6697998046875	-0.5349975824356079
136.55690002441406	1358.288818359375	-0.5357072949409485
136.573974609375	1358.819580078125	-0.5363219976425171
136.61109924316406	1359.9736328125	-0.5375325679779053
136.6375732421875	1360.79638671875	-0.538051426410675
136.66049194335938	1361.50830078125	-0.5382883548736572
136.70095825195312	1362.7664794921875	-0.5384059548377991
136.7140655517578	1363.173583984375	-0.5383241772651672
136.75865173339844	1364.4197998046875	-0.5375345349311829
136.791259765625	1365.04150390625	-0.5367633700370789
136.8417205810547	1365.9620361328125	-0.5353188514709473
136.87709045410156	1366.588623046875	-0.5342473983764648
136.93760681152344	1367.658447265625	-0.5326114296913147
136.9725799560547	1368.27685546875	-0.5319092869758606
137.01388549804688	1369.0068359375	-0.5313941836357117
137.0432891845703	1369.526611328125	-0.5313056111335754
137.10626220703125	1370.6405029296875	-0.5320892930030823
137.1477508544922	1371.37451171875	-0.5333090424537659
137.16970825195312	1371.762939453125	-0.5341209173202515
137.23477172851562	1372.9140625	-0.5369388461112976
137.2750701904297	1373.6259765625	-0.5389432907104492
137.3052978515625	1374.160400390625	-0.5406227111816406
137.37710571289062	1375.4075927734375	-0.5451338291168213
137.43821716308594	1376.22802734375	-0.5483022332191467
137.5044708251953	1377.066650390625	-0.5514839887619019
137.53933715820312	1377.4981689453125	-0.5530422925949097
137.6245574951172	1378.5418701171875	-0.5565000176429749
137.69602966308594	1379.259033203125	-0.5586919784545898
137.7906494140625	1380.10205078125	-0.5610746145248413
137.8742218017578	1380.82177734375	-0.5628337860107422
137.95921325683594	1381.5494384765625	-0.5643381476402283
138.03204345703125	1382.1727294921875	-0.5654786825180054
138.15225219726562	1383.2017822265625	-0.5670680403709412
138.2123565673828	1383.7156982421875	-0.5676847696304321
138.31959533691406	1384.632568359375	-0.5685073733329773
138.46588134765625	1385.883544921875	-0.5692671537399292
138.62249755859375	1387.222900390625	-0.5695652961730957
138.70904541015625	1387.963134765625	-0.5693994164466858
138.8165740966797	1388.8824462890625	-0.5689451694488525
138.93128967285156	1389.810791015625	-0.5679959058761597
139.0088653564453	1390.4305419921875	-0.5669413805007935
139.10101318359375	1391.164306640625	-0.5657800436019897
139.17987060546875	1391.7919921875	-0.565445601940155
139.38604736328125	1393.4332275390625	-0.5643361806869507
139.51809692382812	1394.484375	-0.5613440275192261
139.64601135253906	1395.50244140625	-0.558164656162262
139.70921325683594	1396.0050048828125	-0.5567209124565125
139.81121826171875	1396.878173828125	-0.554107129573822
139.88243103027344	1397.698974609375	-0.5511671900749207
139.9320068359375	1398.321044921875	-0.5486953854560852
140.00987243652344	1399.349365234375	-0.5444167852401733
140.1253662109375	1400.884765625	-0.5389728546142578
140.1960906982422	1401.8260498046875	-0.5363467931747437
140.26632690429688	1402.7611083984375	-0.53400057554245
140.32794189453125	1403.5811767578125	-0.5321066975593567
140.37437438964844	1404.199462890625	-0.5309034585952759
140.4612274169922	1405.35546875	-0.5290688872337341
140.51292419433594	1406.104248046875	-0.5276546478271484
140.5323944091797	1406.5323486328125	-0.5266019105911255
140.56553649902344	1407.5726318359375	-0.5237842202186584
140.58657836914062	1408.3822021484375	-0.5217780470848083
140.60963439941406	1409.3026123046875	-0.5197382569313049
140.62521362304688	1409.9249267578125	-0.5184067487716675
140.6492156982422	1411.18017578125	-0.51567542552948
140.6403350830078	1411.89306640625	-0.5141752362251282
140.63409423828125	1412.234619140625	-0.5136207938194275
140.6204071044922	1412.853515625	-0.5129712224006653
140.59458923339844	1413.8985595703125	-0.5126615166664124
140.56687927246094	1415.0098876953125	-0.512421727180481
140.55299377441406	1415.6292724609375	-0.5121523141860962
140.56190490722656	1416.5865478515625	-0.5118274688720703
140.59429931640625	1417.101318359375	-0.5118207335472107
140.65286254882812	1417.7255859375	-0.5120452642440796
140.7421875	1418.545654296875	-0.5128561854362488
140.85513305664062	1419.472900390625	-0.514106273651123
140.9728546142578	1420.202880859375	-0.5150676965713501
141.13626098632812	1420.9327392578125	-0.5161207318305969
141.37684631347656	1421.82666015625	-0.5174994468688965
141.6652069091797	1422.8369140625	-0.5190812945365906
141.92115783691406	1423.724609375	-0.5203937292098999
142.12692260742188	1424.4384765625	-0.5211470127105713
142.53018188476562	1425.8375244140625	-0.5214306712150574
142.78758239746094	1426.730712890625	-0.5209211111068726
143.051025390625	1427.6446533203125	-0.520148754119873
143.3074188232422	1428.5350341796875	-0.5192980766296387
143.4691925048828	1429.13623046875	-0.5185000896453857
143.6510772705078	1429.9510498046875	-0.5165044665336609
143.76971435546875	1430.560546875	-0.5143979787826538
143.93885803222656	1431.47509765625	-0.5116814374923706
144.04208374023438	1432.094970703125	-0.5105760097503662
144.17025756835938	1433.251953125	-0.5092343688011169
144.23458862304688	1434.18798828125	-0.5084089040756226
144.2543182373047	1434.5130615234375	-0.508150577545166
144.3079071044922	1435.434326171875	-0.507562518119812
144.3624267578125	1436.458251953125	-0.5072089433670044
144.37240600585938	1436.766357421875	-0.5071476697921753
144.4038543701172	1438.0081787109375	-0.5070937871932983
144.41241455078125	1438.40771484375	-0.5070561766624451
144.4346923828125	1439.467041015625	-0.5068263411521912
144.45388793945312	1440.3828125	-0.5063998103141785
144.47052001953125	1441.35009765625	-0.5056679248809814
144.46466064453125	1441.9691162109375	-0.5050926208496094
144.44619750976562	1442.793212890625	-0.5042572617530823
144.41375732421875	1443.947021484375	-0.5023675560951233
144.40216064453125	1444.34521484375	-0.5014803409576416
144.3659210205078	1445.5894775390625	-0.49825865030288696
144.34840393066406	1446.1910400390625	-0.49660524725914
144.3083038330078	1447.568115234375	-0.49253642559051514
144.29649353027344	1447.9736328125	-0.49116283655166626
144.27667236328125	1448.80810546875	-0.48824653029441833
144.2679901123047	1449.2132568359375	-0.48685863614082336
144.2401580810547	1450.55517578125	-0.4821854829788208
144.22268676757812	1451.40185546875	-0.47895193099975586
144.19313049316406	1452.8572998046875	-0.47408199310302734
144.18896484375	1453.4715576171875	-0.47222769260406494
144.18911743164062	1453.9527587890625	-0.4707508683204651
144.191162109375	1454.82568359375	-0.4683787226676941
144.19520568847656	1455.965576171875	-0.4666140079498291
144.19952392578125	1457.2005615234375	-0.46632641553878784
144.20091247558594	1457.605712890625	-0.46630576252937317
144.2041473388672	1458.542724609375	-0.4660171866416931
144.2062225341797	1459.14208984375	-0.4656931459903717
144.20985412597656	1460.1956787109375	-0.4651036560535431
144.21270751953125	1461.028076171875	-0.4646484851837158
144.21551513671875	1461.5914306640625	-0.46412256360054016
144.2349853515625	1462.397705078125	-0.4627031683921814
144.28443908691406	1463.7593994140625	-0.4591374099254608
144.3095703125	1464.392333984375	-0.45768505334854126
144.37974548339844	1465.43212890625	-0.4553484320640564
144.4757080078125	1466.252197265625	-0.45293447375297546
144.55996704101562	1466.8968505859375	-0.4505072236061096
144.65097045898438	1467.56396484375	-0.4477180242538452
144.83338928222656	1468.81103515625	-0.44246548414230347
145.002197265625	1469.650146484375	-0.4380932152271271
145.19711303710938	1470.451416015625	-0.4330449104309082
145.37606811523438	1471.1512451171875	-0.4283606708049774
145.56100463867188	1471.8626708984375	-0.4235227108001709
145.75900268554688	1472.587158203125	-0.41851335763931274
146.16561889648438	1473.7662353515625	-0.4105709195137024
146.65951538085938	1474.879638671875	-0.40604960918426514
147.01837158203125	1475.623046875	-0.40545105934143066
147.63104248046875	1476.70556640625	-0.40532344579696655
147.96286010742188	1477.2266845703125	-0.40519964694976807
148.172119140625	1477.548828125	-0.40517228841781616
148.8218994140625	1478.48828125	-0.4054681658744812
149.15066528320312	1478.9124755859375	-0.40564286708831787
149.8323211669922	1479.73974609375	-0.40565937757492065
150.23529052734375	1480.2110595703125	-0.4054332971572876
150.8440399169922	1480.8670654296875	-0.40496134757995605
151.7142333984375	1481.627685546875	-0.4045448899269104
152.45750427246094	1482.1241455078125	-0.4043990969657898
152.7528076171875	1482.2977294921875	-0.4043283462524414
153.9359130859375	1482.92529296875	-0.4039211869239807
154.6067657470703	1483.2198486328125	-0.4038218557834625
155.2723846435547	1483.468505859375	-0.4040549695491791
155.85830688476562	1483.671142578125	-0.4045856297016144
156.77027893066406	1483.97119140625	-0.4059101641178131
157.7436981201172	1484.2381591796875	-0.4077080488204956
158.27630615234375	1484.343994140625	-0.40908777713775635
159.49485778808594	1484.5093994140625	-0.41384103894233704
160.73806762695312	1484.6416015625	-0.419979065656662
161.3623046875	1484.70361328125	-0.42331987619400024
162.28347778320312	1484.7645263671875	-0.4285459816455841
163.05699157714844	1484.7828369140625	-0.4332299828529358
163.775146484375	1484.7908935546875	-0.4379635453224182
164.58016967773438	1484.7958984375	-0.443459689617157
165.63992309570312	1484.8018798828125	-0.4497164189815521
166.54440307617188	1484.7879638671875	-0.4541932940483093
166.8879852294922	1484.7711181640625	-0.45569199323654175
168.13671875	1484.6881103515625	-0.45929473638534546
169.05044555664062	1484.6204833984375	-0.46067166328430176
169.39703369140625	1484.5946044921875	-0.46113526821136475
170.7260284423828	1484.4638671875	-0.4624435305595398
171.1566162109375	1484.397705078125	-0.4623281955718994
172.14808654785156	1484.2178955078125	-0.459734708070755
173.00711059570312	1484.051513671875	-0.45542219281196594
173.47268676757812	1483.958984375	-0.45286378264427185
174.67300415039062	1483.6695556640625	-0.44650423526763916
175.36778259277344	1483.434326171875	-0.44258517026901245
176.15908813476562	1483.1038818359375	-0.437332421541214
176.71893310546875	1482.84912109375	-0.4329666495323181
177.52813720703125	1482.447509765625	-0.4262166917324066
178.149658203125	1482.088623046875	-0.421398401260376
178.73089599609375	1481.682861328125	-0.4174228310585022
179.49925231933594	1480.987548828125	-0.41315957903862
180.03558349609375	1480.385986328125	-0.4111958146095276
180.46473693847656	1479.810302734375	-0.41042953729629517
180.9330291748047	1478.9940185546875	-0.4105938673019409
181.09671020507812	1478.609130859375	-0.411143034696579
181.37144470214844	1477.560546875	-0.41420215368270874
181.4388885498047	1476.9610595703125	-0.4169476628303528
181.45870971679688	1475.83447265625	-0.4237808883190155
181.4524688720703	1475.494140625	-0.4262236952781677
181.43362426757812	1474.50146484375	-0.43400290608406067
181.4532470703125	1473.4434814453125	-0.4425930380821228
181.46600341796875	1473.010498046875	-0.44522929191589355
181.5001220703125	1472.006103515625	-0.44697239995002747
181.52157592773438	1471.3896484375	-0.4459007978439331
181.56259155273438	1470.2080078125	-0.44524216651916504
181.591064453125	1469.388427734375	-0.4477243721485138
181.63121032714844	1468.233154296875	-0.453134685754776
181.66465759277344	1467.2706298828125	-0.4572029113769531
181.69000244140625	1466.540771484375	-0.46001797914505005
181.7219696044922	1465.620361328125	-0.46370649337768555
181.7622528076172	1464.460205078125	-0.46854647994041443
181.77565002441406	1464.074462890625	-0.47001954913139343
181.80911254882812	1463.1075439453125	-0.4733162522315979
181.83102416992188	1462.474609375	-0.47544336318969727
181.86544799804688	1461.4788818359375	-0.479394793510437
181.90203857421875	1460.420166015625	-0.484313040971756
181.95550537109375	1458.873291015625	-0.4904474914073944
181.97744750976562	1458.2371826171875	-0.4920423924922943
181.99891662597656	1457.61474609375	-0.4933044910430908
182.02064514160156	1456.984130859375	-0.49442121386528015
182.0637664794922	1455.737548828125	-0.49650031328201294
182.08847045898438	1455.023681640625	-0.4974295496940613
182.11013793945312	1454.3953857421875	-0.49785569310188293
182.13131713867188	1453.781494140625	-0.49802863597869873
182.1681365966797	1452.715087890625	-0.49840086698532104
182.2247772216797	1451.0740966796875	-0.49939900636672974
182.25149536132812	1450.2999267578125	-0.49996381998062134
182.2702178955078	1449.5704345703125	-0.5006166696548462
182.28616333007812	1448.745849609375	-0.5017951726913452
182.3031463623047	1447.79736328125	-0.5035517811775208
182.32089233398438	1446.796630859375	-0.5047198534011841
182.32852172851562	1446.3665771484375	-0.5048819780349731
182.35421752929688	1444.91748046875	-0.5054914355278015
182.37022399902344	1444.014404296875	-0.5066468119621277
182.3798065185547	1443.4742431640625	-0.5075124502182007
182.39837646484375	1442.4261474609375	-0.509228527545929
182.416748046875	1441.38330078125	-0.5111280679702759
182.4296112060547	1440.655029296875	-0.5127019286155701
182.4441680908203	1439.8289794921875	-0.5146569609642029
182.457275390625	1438.902099609375	-0.5170426368713379
182.47320556640625	1437.7540283203125	-0.52046799659729
182.48922729492188	1436.590576171875	-0.5240331292152405
182.5018310546875	1435.67724609375	-0.5263721942901611
182.50836181640625	1434.2977294921875	-0.5302544832229614
182.50624084472656	1433.35498046875	-0.5329334139823914
182.50416564941406	1432.633544921875	-0.5346487760543823
182.5026397705078	1432.1138916015625	-0.5356931686401367
182.4996795654297	1431.111572265625	-0.537299394607544
182.49864196777344	1430.76220703125	-0.537785530090332
182.49569702148438	1429.7640380859375	-0.5396521091461182
182.49407958984375	1429.224609375	-0.5411601662635803
182.4901123046875	1427.8961181640625	-0.5441545248031616
182.4891357421875	1427.5537109375	-0.5444912910461426
182.4854736328125	1426.3028564453125	-0.5452722907066345
182.48211669921875	1425.1904296875	-0.5470787882804871
182.47933959960938	1424.209228515625	-0.5500866174697876
182.47714233398438	1423.4012451171875	-0.5527815818786621
182.474853515625	1422.5777587890625	-0.5554153919219971
182.4726104736328	1421.8282470703125	-0.5581905841827393
182.47042846679688	1421.118896484375	-0.5604397058486938
182.4687957763672	1420.5731201171875	-0.5611956715583801
182.46661376953125	1419.8226318359375	-0.5606120228767395
182.46446228027344	1419.0653076171875	-0.5588046312332153
182.46249389648438	1418.355224609375	-0.5574219226837158
182.46075439453125	1417.728515625	-0.5568086504936218
182.45941162109375	1417.30908203125	-0.5565130710601807
182.45497131347656	1416.26318359375	-0.5551472306251526
182.45150756835938	1415.654052734375	-0.553565502166748
182.44766235351562	1415.0816650390625	-0.5519252419471741
182.44354248046875	1414.56591796875	-0.5509387254714966
182.4400634765625	1414.21337890625	-0.5508017539978027
182.43588256835938	1413.86767578125	-0.5512135028839111
-7.576620101928711	1062.27197265625	-0.6234151124954224
